NOMINUM PROPRIORUM.

8116111111, i. 16. 18.

8111111101,1.113

Sarpedonium, vii. 58.

81111,111. 122,

8111111111,1.101; iii. 943¹ 11. 31
46;111.’19.

8111111111, 11. 43.

811111, 111. 110, 111.

Sattagydai, iii. 91.

81111111, 11. 16.

8111011111,11.11.43.11011..

8011111, 1. 60.

8010111611,1. 65· vii 42.

Scamandronymins 11 135.

8011111-11111,11. 46

8111111111,111.1.119.182,183.

8116111111. 21.

Scione, 111. 123.

811111, viii. 94.

8011011, 1111. 71.

801101, 111. 130.

8111111. 49.

810101, 11. 15.

8101010111, 11. 91.·

8001011,11. 6.

8001111111, 11. 121.

8001111111, 11. 129. 128.

8111101157.

Scylax, (111110511111, 11. 44.

-..-, Myndius, v. 33.

801111, 11. 18-80

80111111, 1111. 8.

8111111161,11. 93.

81111111,1.15.103;11.111111“111,·
11. 84.

80111111,Ι 11. 10

8111111111 passim.

81·111111,11. 23, 243 111. 163·

81010111101 regio, ii. 166.

8116011111, 111. 98.

8111111111, 1. 46.

811111111, 11. 33,

Semiramis, 1. 184.

811111, 11. 17.

11111111. 183. 186. 188. 191.

,101

361

8111101111, 11. 63 111. 5.
8111111111, 1111. 4648.
81111111, 111122.
8111111111, 111. 59.
’811011111,“ 11 10111111.

ῑ8111111,11.143; vii. 33111114.
i 81111011,”11. 141.

8101111111. 110,
sicas, vii. 98
9 8111111111,1111.15.110.
’8111011 1. 01, 68111 92111.
Sidon, ii. 1163 111. 1361 111. 99,
1 100128.
811111111011111611111, v. 6594.
--,1)101101110111111, iv 38.
8111111011, 1. 9.
silenus, vii. 263 viii. 138.
1 1111111111101, 111. 111.
Sindi, iv. 283 11. 86.
Sindus, vii· 123.
8113111111. 122.
81110111, i. 163 ii. 343 11. 12.
8111111111, 111. 51, 58; 1111 46.
48.
81111,1111111,1111. 62.
--,Ρ110111011,1.15; 1111.
115.
81101111111, 111. 6819.

A 8110111111, Tyrius, 11198.

. --,611)11111, v. 104.

. . 8111111111, Η16111111611111, vii.

1.-..-, 0111111 puter, v. 25.
8111111011, 1. 121.
81110111, 11. 801 111. 131.

, 8111101111,111.121.
81111111,11. 112.

, smerdis, ii 30. 65.
--, 1113111, 11. 61. 69.

; 81111601111111, 111. 82. 121.
Smila, vii. 123.
Smindyrideu, 11. 121.
Smyrna, 1. 1116149.
Sogdi, iii. 933 vii. 66.
8011183111. 110. 115.

 

