NOMINUM PROPRIORUM.

Ortus, 11. 123.
01111, 111. 26.
Ocinmnnaden, ir. 80.

0011111, 1111. 5. 09- ¹

0110111111, 1. 163 111. 112.

01111111, 11. 92.

(1111. 83. 1

(11111111, 111851 1133.

(Ε11111111, 11. 1491 1. 60.

(1110111. 74.

OEnone, 111146.

(11101111, 1. 167.

(11111111, 1. 165.

(1101111111, 11. 841 111. 68; ix.
115.119.

011οὸ, 11. 61. “

(1110111111, 11. 59.

01011011,1 149.

0111, 11. 35.

0111111145.

01111111, 1. 37.

0101111111, 111. 22.

0101111, 11. 39. 41.

0111111111,11. 1603 1. 22, 11111111.

Olympiodorun, ix· 21.

Olympus, Μ11111 11011, 1. 36.
433 111. 74. 3

—--—-, Τ1101111111 monn, 1.
663 111.128,129. 172.

Olynthus, 111. 122; 1111. 127.
010111, v. 68.

0101111111. 104. 108. 110-
0101111, 111. 214.
0100110111,111. 129. 196.
0001101111, 111. 6.
0101111111, 11. 127.
0111111101 regio, 11. 166.
0111110111, 111. 43.

Opis, 11. 35.

——, 11111, 1. 189.

011011,11. 78.

Opuntii, 111. 203.
01111111, 1. 16.
Orchomenii, 1111111, 1. 116· .

-———·-, 1110111111 34-
11 --28

357

Orchomenii, Arcades, 111. 202;
ix. 28.

01111111, 11. 48.

Orestes, 167.

01301111. 118.

011011, 111. 93.

-- 80111111. 78.

Orithyia, 111, 189.

01111111, 1111. 73.

0101101, iii. 120-127.

0101111101, 111. 98.

Oropus, 11. 100. ’

0101111118.

Orphica, 11. 81.

01111111111,111. 221.

011100011111111,111. 92. “

Orus, 11. 144.

011111, 11. 11111111

011111. 663 111. 128, 129.

011101, 111. 67-72. 76. 80. 83.
141. 144. 147. 149.

—-, 8111111111 filius, 1. 25,
20110123.

-,1111111111 pater, 11140.
61.

01111111, 111. 63.

0111111101, 1. 82.

011111, 111. 129.

010111, 1111. 32.

Ρ1010111, 1. 101.

Pwtyfl, Vi· 36·Ι

Ρ101111,1.153, 154. 157-160.

Ρ101101 11Ρ1011101,111.93. 1021
11. 44; 111. 67. 85.

Ρ111111, 111. 99.

81011111. 133 111. 124.

Paioplai, 1. 15.

Ρ111111, 1.117.

Preti, 111110.

i 11111111.

1111111111. 198.

Ρ111111111,1.105; ii. 104. 1063
111.11; 111. 89.

111101111111. 28.

1111111111. 1231 viii. 126.

 

